3572178765981602799|10|2022|642
3572178844940524|01|2029|121
3572177265459527|08|2027|935
3572174216316262242|08|2023|872
3572179186600795337|06|2023|406
3572175298885072|02|2027|592
3572178473002680809|03|2026|742
3572178145852261|12|2025|979
3572171315561150|07|2024|722
3572172196274096299|06|2022|131
3572179693799228459|11|2025|609
3572173173304057863|10|2029|109
3572172238000193|04|2025|494
3572172813711558208|04|2024|589
3572179636260006|09|2024|215
3572178107891380|08|2024|121
3572171573669986873|11|2027|678
3572177549144440|08|2028|433
3572171525820729956|03|2030|986
3572171311083134|08|2030|705
3572172176499817745|08|2030|949
3572173702515070|10|2022|878
3572177163251042|05|2025|678
3572171555485401930|12|2026|556
3572173704625410652|06|2026|188
3572177696898170623|01|2023|859
3572171508838696|12|2028|508
3572171318833093556|09|2025|434
3572172197690828|07|2029|837
3572173174857745|04|2029|769
3572175659024120278|02|2028|393
3572178057351182275|07|2029|519
3572178382501437142|02|2029|887
3572178516313116697|02|2029|334
3572173806602420479|01|2026|796
3572177621202435686|09|2024|305
3572173407838462|05|2027|286
3572175863590467713|09|2030|319
3572178904529867859|05|2023|381
3572173735308790|10|2026|147
3572174228107415202|12|2026|688
3572177972483830818|10|2026|482
3572179605532916471|10|2025|660
3572171880000873|04|2022|284
3572175203517281|12|2025|629
3572176292614155139|06|2026|757
3572173434064525337|03|2025|687
3572177454071364|02|2028|317
3572175401041289764|08|2025|102
3572176211770714|06|2026|872
3572171087137726|09|2022|732
3572174615111063608|02|2025|966
3572176684558307|09|2030|634
3572174207581138|12|2025|152
3572177870910708|01|2025|864
3572178295425728|12|2028|559
3572174760085212|12|2026|219
3572171892278744758|03|2029|611
3572176467978448714|12|2028|552
3572171386290191569|01|2028|418
3572179130171630929|08|2028|713
3572178926262714|01|2026|172
3572174949862973479|12|2030|393
3572175556537159|10|2026|895
3572177554520187434|04|2030|507
3572171497221188895|06|2023|971
3572178968050977130|01|2028|486
3572172241839358659|08|2027|602
3572172782848177374|03|2026|729
3572177544402196223|02|2029|171
3572172435305292778|12|2027|813
3572177072237075750|09|2024|143
3572178451327688095|03|2027|199
3572173374922443739|02|2023|783
3572177303691222|02|2023|579
3572171055254529|03|2028|287
3572174704930828191|05|2025|983
3572174024020976796|12|2026|886
3572173171350063835|06|2027|164
3572176515167831|11|2029|106
3572178890533652|10|2022|198
3572176965221112|08|2022|452
3572172835460529031|08|2027|227
3572172888215919|12|2028|804
3572177931889644|05|2026|874
3572171880694634|08|2028|226
3572173685120153|10|2029|500
3572176586457500768|06|2028|941
3572178156699859345|06|2029|516
3572176949383775633|12|2030|236
3572174762533169|08|2022|445
3572171904260859|10|2025|540
3572171197838540534|01|2022|643
3572174542724229|01|2028|138
3572179345261428|10|2026|765
3572178549879621|04|2023|797
3572174561143228852|12|2023|250
3572179237952835088|11|2030|898
3572175501599924785|09|2025|297
3572175855636900|10|2026|925
3572179205202010901|05|2024|135
3572174130547727|01|2022|251
3572172877645370642|04|2028|473
3572172195547202|08|2028|893
3572171993377151687|06|2023|621
3572173101308705|08|2027|673
3572172985845667|09|2022|829
3572179252392745|11|2029|185
3572174302418848|08|2026|349
3572174346505342909|04|2024|651
3572172120085773|02|2022|597
3572173346446722038|12|2023|159
3572173498423067|07|2029|827
3572173131303923519|03|2026|806
3572172775953143|06|2030|719
3572175871899656266|04|2029|978
3572176115076580|08|2025|643
3572176653690943955|05|2029|690
3572173304245201480|06|2022|960
3572172954198532462|05|2025|849
3572179845591878|07|2030|742
3572174931881379946|06|2030|171
3572172355468993956|10|2024|937
3572172852061497|06|2029|632
3572179504578888639|04|2022|916
3572174356079645|01|2025|939
3572176673420272889|12|2024|945
3572176476923974|01|2030|129
3572179968853847539|12|2027|989
3572172720659597|07|2030|460
3572173976221751|06|2027|760
3572176986169589242|12|2030|523
3572174419643551|01|2022|150
3572171061442514|09|2023|174
3572176643942253|06|2022|885
3572178705218360969|05|2022|632
3572174892557034274|01|2030|509
3572175163143763|07|2022|857
3572177371415454|03|2028|374
3572172476122303|05|2030|582
3572173125737251|07|2023|411
3572176964932301039|02|2026|411
3572177281657310|04|2026|565
3572179819936612|02|2027|778
3572178066151975697|06|2030|629
3572175858569427979|11|2027|496
3572172814722697399|11|2023|777
3572175358826384550|12|2029|851
3572175267728246|06|2024|825
3572173519868315651|07|2022|372
3572171083877242|06|2024|101
3572178451786992905|10|2026|762
3572174571656596173|09|2030|717
3572176157512435|08|2023|211
3572177356482744768|07|2025|557
3572173192678180|08|2029|680
3572178250099807|11|2027|347
3572177879637963|08|2026|655
3572179185925710|01|2024|117
3572171642006820|04|2024|882
3572179928878511122|06|2030|453
3572179798859243767|08|2028|706
3572176430035469|01|2024|728
3572176410880744|12|2022|661
3572173002789644194|02|2026|817
3572176189599004|04|2029|911
3572179455344772187|03|2027|254
3572178185111123|02|2023|792
3572176607990496|01|2027|621
3572178950262812|04|2030|306
3572173087476841062|12|2028|302
3572175887761153257|02|2025|648
3572179593063892321|04|2030|616
3572179998889268905|03|2025|324
3572172830009606184|04|2025|837
3572174789931054004|09|2026|965
3572175804365277259|05|2025|117
3572172108627773995|09|2028|347
3572175213640990|07|2027|877
3572177856793912|09|2027|889
3572171173810036247|06|2027|969
3572172090435396|07|2023|474
3572172740802276|07|2027|728
3572178816806091|06|2030|357
3572172357382513613|08|2022|643
3572179587397294|12|2023|312
3572171436971893478|10|2026|151
3572173329110891|08|2030|649
3572174880232353730|04|2030|347
3572173037794508349|07|2030|727
3572175672595886573|02|2030|425
3572175817783225718|07|2029|546
3572174795119762|04|2024|729
3572174205928669662|06|2027|868
3572178788844368648|04|2028|779
3572179941354922267|10|2024|736
3572171899428875|06|2024|525
3572175263979734785|06|2025|830
3572179597479876885|02|2026|198
3572172413416529|02|2023|899
3572171275959378|02|2023|116
3572179786674721059|04|2027|609
3572171931168088510|12|2025|101
3572171814224094|03|2022|895
3572173314333637826|11|2022|431
3572178249788569|01|2025|369
3572177372012607|03|2023|976
3572176968983033011|07|2025|110
3572177660871284|11|2030|320
3572178569685775|10|2022|196
3572172486024499|11|2025|341
3572176816643571|06|2023|576
3572177767735671|01|2028|868
3572178812664042875|09|2030|643
3572177064367749|03|2025|545
3572173801117612|05|2025|784
3572178386482996349|05|2025|317
3572179486637790|06|2025|601
3572172849469407|03|2026|651
3572176607020944208|11|2030|605
3572172054278475961|10|2026|670
3572177626570204853|03|2028|249
3572173718165951|12|2023|794
3572173712856571|06|2026|581
3572179748080756137|05|2024|561
3572172556916053|01|2023|731
3572172584474142015|03|2022|968
3572174285127265678|06|2030|291
3572179493474612949|11|2024|241
3572171269413119|12|2025|564
3572172009563064|07|2026|588
3572173138080228|11|2025|455
3572177164575215245|05|2030|681
3572175457936591|11|2027|488
3572172407629418|07|2029|230
3572178548870074480|02|2026|994
3572173445301204965|05|2023|939
3572175901914269|05|2023|571
3572178067825741|11|2029|749
3572176055357783916|04|2023|838
3572173664049854465|07|2026|324
3572178679089919676|09|2030|844
3572171130834360|08|2025|167
3572171711375312|05|2025|924
3572173674923429821|05|2022|219
3572176573604696970|05|2022|157
3572172667215187207|07|2027|814
3572172374132180|08|2028|649
3572172722587911|03|2022|148
3572178053068835|11|2027|290
3572178538072359169|11|2028|449
3572175278223959871|02|2025|265
3572173867121862|11|2027|221
3572174375828378|05|2030|193
3572178858839737|04|2023|108
3572178466674096049|05|2025|620
3572174570009279|03|2022|995
3572171079756640|12|2025|106
3572176778526987411|10|2029|292
3572171672148226941|12|2024|144
3572176626598453087|09|2026|836
3572178898736074145|05|2027|234
3572173974247006|11|2028|298
3572177725302796|07|2029|575
3572175280041932|06|2029|620
3572178734924919|12|2024|927
3572177189459678|11|2030|868
3572179553496288695|04|2028|441
3572178296639780|09|2026|506
3572179379887759|01|2024|303
3572174642331231393|08|2029|278
3572175943527939|06|2029|310
3572176752606047313|01|2023|619
3572178693827852883|07|2026|517
3572173324808739|11|2028|987
3572172244921846|07|2029|669
3572179938801408429|04|2027|894
3572177063157204942|07|2022|225
3572177978731956|07|2022|676
3572176844284372|07|2024|474
3572176705467696792|05|2029|409
3572176860165451196|04|2025|969
3572176618858385|07|2028|493
3572172129729953905|06|2023|295
3572177923593311|08|2030|994
3572178702690294444|12|2022|107
3572177702567399608|05|2022|141
3572173554494518220|01|2024|423
3572178484406307576|01|2030|509
3572176378630032|09|2022|212
3572173224780210|05|2022|838
3572174790590888419|11|2029|430
3572177294469190|01|2027|358
3572177660820779695|03|2024|775
3572176757227914494|10|2025|408
3572175901352427903|02|2026|248
3572173820854757|07|2026|621
3572176803548209865|11|2024|377
3572177938828122476|05|2026|734
3572171536361622286|03|2030|827
3572172616493466940|01|2023|141
3572174294241184443|05|2029|911
3572178303940031635|08|2028|538
3572172157214700|08|2024|807
3572172395897548|08|2024|941
3572175473737834427|10|2022|741
3572172296297277|07|2022|630
3572172963778648416|11|2027|924
3572179947153461456|04|2028|322
3572178293185086008|09|2022|253
3572178190559879291|04|2023|102
3572176761949171|04|2022|282
3572178831118746|11|2025|566
3572179192193609646|05|2029|921
3572179081161421763|11|2022|584
3572176727295057393|12|2026|241
3572178168168986137|02|2026|609
3572177699570204|06|2025|864
3572175244551518333|06|2024|319
3572172142185858369|01|2022|864
3572176634843401158|03|2028|951
3572175755170372372|04|2029|723
3572174189240107306|11|2029|818
3572172193372413|03|2026|764
3572179575528447|03|2029|470
3572178798559395|02|2023|462
3572172795612041170|12|2027|794
3572178131075547285|04|2030|865
3572172238748973|06|2030|294
3572173817917492|07|2029|962
3572177032910752|02|2024|879
3572172418488051|03|2022|902
3572174892068970271|12|2029|603
3572174109770219|08|2030|484
3572179583372824701|01|2026|931
3572179582795070|01|2029|709
3572171581181899|10|2028|788
3572171360371975133|02|2022|137
3572172900950204|07|2026|459
3572172550422179268|07|2026|981
3572174576724814|01|2022|736
3572174802266525579|05|2030|164
3572171300541951|01|2024|574
3572178966288773024|12|2025|433
3572172817548539|07|2027|244
3572171781682779254|09|2027|163
3572173400946148|07|2022|942
3572171295111425967|11|2025|435
3572172797887196|10|2030|654
3572174914408153242|11|2030|518
3572176170487458|07|2024|357
3572172546709731029|04|2027|487
3572172136504742|09|2023|924
3572174570827506|10|2023|320
3572178443366188|05|2025|737
3572171829680797693|12|2026|895
3572171700869645443|07|2026|941
3572172587426059740|05|2030|469
3572173830290393657|09|2022|338
3572172717355902525|08|2022|597
3572174236870825|10|2022|132
3572174098433835088|08|2023|469
3572176065952780|06|2028|851
3572178304050327|01|2025|884
3572174940337751012|12|2027|629
3572176575458369|06|2026|510
3572179738122408003|02|2023|958
3572178903469621|09|2023|808
3572179089388882|07|2024|603
3572177893070746|04|2029|930
3572178369405092156|01|2027|376
3572171132857914|05|2025|119
3572172644888512|07|2025|587
3572175337320180|10|2030|674
3572176394303093|02|2030|113
3572176139038951967|04|2022|179
3572175531723965|01|2028|934
3572173825954297|11|2030|124
3572173570234329330|06|2027|339
3572172408223218787|12|2029|898
3572174205273571|02|2026|209
3572178708275009|09|2028|166
3572173841505003627|10|2025|970
3572175367805381|12|2030|174
3572178764075418|03|2028|739
3572171605396598|02|2023|661
3572176200391079596|08|2028|578
3572172692708842704|05|2026|677
3572179620870240|11|2026|210
3572176019799416063|08|2022|964
3572178221543685|01|2025|882
3572179093204877|02|2029|603
3572173763001374|10|2029|962
3572178765051657830|03|2027|712
3572171573956957033|03|2024|734
3572175928107822|02|2029|665
3572174822383886332|06|2030|888
3572174482342776|04|2023|208
3572178940541499|08|2026|163
3572179882569696|04|2027|298
3572177754290869308|11|2025|877
3572173544499164765|02|2029|344
3572174968289227541|03|2024|852
3572174215038221676|01|2025|694
3572172522899277297|09|2026|677
3572177035443090|08|2027|354
3572172266941144|08|2022|506
3572171211454546129|06|2029|576
3572176439657065|03|2029|458
3572178384974480187|08|2030|304
3572172461540006898|07|2026|277
3572172742949880292|11|2029|809
3572173681868250|10|2028|600
3572174369400978|01|2024|268
3572178428940577|01|2029|716
3572176439446859848|10|2023|443
3572172300436363353|08|2030|805
3572172526762338987|11|2024|125
3572177390502958686|10|2022|721
3572178214878290186|03|2025|797
3572179034029482|05|2027|579
3572175583466111027|03|2024|242
3572179421638327195|04|2029|782
3572171140938564699|05|2022|457
3572177031821321772|01|2026|447
3572173326121271|08|2025|663
3572171848372327056|10|2025|846
3572179646265514935|09|2030|269
3572171575807711899|04|2022|606
3572171807199311|06|2026|255
3572171254270853782|08|2025|857
3572177685539797068|07|2029|325
3572174326214329710|11|2024|288
3572174612535919|01|2023|289
3572174895531841|07|2024|915
3572171688924295223|08|2025|378
3572178389692786708|03|2030|873
3572172385429351|05|2029|607
3572178303680457768|12|2028|961
3572171788747583|01|2025|849
3572179060438524|02|2027|880
3572175586627699|05|2028|498
3572175078920295045|01|2026|194
3572175601495631755|12|2028|508
3572177350200863158|10|2027|184
3572174807031467437|12|2028|551
3572179285452514273|10|2027|502
3572178111280893|07|2030|201
3572178852852181|04|2028|230
3572174066262267|12|2026|857
3572179598198210|10|2022|997
3572177760991321|02|2028|185
3572177466182886502|08|2028|995
3572177744940833648|05|2027|774
3572174178339547068|06|2030|500
3572173525111366359|11|2028|294
3572171804363613|02|2023|692
3572175117734568|04|2029|265
3572179582187955|12|2024|806
3572178203148895361|03|2025|351
3572172497546920591|01|2023|459
3572179262747623|05|2026|273
3572171509765560436|12|2030|969
3572175980571302063|03|2024|909
3572176645190943|04|2027|179
3572175412766489|01|2030|695
3572173106295345|09|2030|997
3572175543938635|06|2028|855
3572174445353811575|07|2023|434
3572176707905428|06|2025|982
3572178034326523362|03|2025|152
3572174287832054|05|2027|449
3572177059170900862|11|2030|325
3572173887857494229|11|2027|143
3572178271839875067|06|2024|911
3572172708050002786|09|2026|964
3572175064499835|10|2028|737
3572175819416670|04|2027|473
3572171237599049|12|2027|439
3572171989539854|11|2027|696
3572178642850560|08|2029|152
3572176418150119581|07|2028|155
3572177697824421|12|2026|791
3572177216066556477|01|2030|747
3572173271024633078|09|2029|112
3572176757795506813|04|2025|639
3572175173282293850|06|2027|685
3572178760507380|02|2023|752
3572175976935421|02|2026|779
3572173327760044|02|2029|556
3572171957105746|05|2029|488
3572172516766788|10|2030|936
3572172752355405302|04|2025|445
3572175706401731209|07|2030|677
3572179140799580778|07|2029|649
3572171557088648644|09|2023|413
3572177130649981096|02|2030|963
3572171070421419855|05|2025|802
3572177095764401842|02|2028|422
3572176152161568|07|2029|280